<!--?xml version="1.0" encoding="UTF-8"?-->
<svg xmlns="http://www.w3.org/2000/svg" xmlns:xlink="http://www.w3.org/1999/xlink" viewBox="0 0 64 64" version="1.1">
<g id="surface1">
<path style=" fill:#C2CDE7;" d="M 1.429688 57.320313 L 1.429688 50 C 1.4375 45.957031 3.59375 42.222656 7.089844 40.191406 L 16.800781 34.570313 C 19.308594 37.628906 22.558594 39.78125 26.171875 39.78125 C 29.78125 39.78125 32 36.648438 34.53125 33.601563 L 43.53125 38.601563 L 30.941406 51.441406 L 29.878906 58.351563 L 2.460938 58.351563 C 2.183594 58.359375 1.917969 58.253906 1.722656 58.058594 C 1.527344 57.863281 1.421875 57.59375 1.429688 57.320313 Z "></path>
<path style=" fill:#D6DFF2;" d="M 36.28125 39.859375 L 26 45 L 15.71875 39.859375 C 14.859375 39.429688 14.257813 38.609375 14.101563 37.660156 C 13.949219 36.707031 14.261719 35.742188 14.941406 35.058594 L 15 35 L 37 35 L 37.058594 35.058594 C 37.738281 35.742188 38.050781 36.707031 37.898438 37.660156 C 37.742188 38.609375 37.140625 39.429688 36.28125 39.859375 Z "></path>
<path style=" fill:#ACB7D0;" d="M 30.289063 54 L 5 54 C 2.789063 54 1 55.789063 1 58 C 1 58.550781 1.449219 59 2 59 L 30.25 59 Z "></path>
<path style=" fill:#FAEFDE;" d="M 13.070313 26.128906 C 12.761719 26.128906 11.761719 25.308594 11.238281 23.359375 C 10.71875 21.410156 11.191406 20.089844 11.429688 20.03125 C 11.429688 20.03125 13.328125 19.699219 13.351563 19.320313 C 13.375 18.773438 13.433594 18.230469 13.53125 17.691406 C 13.585938 17.113281 13.558594 16.53125 13.449219 15.960938 C 13.1875 14.160156 13.140625 12.332031 13.320313 10.519531 C 13.660156 7.140625 15.640625 5.128906 18.628906 5.128906 C 18.855469 5.128906 19.078125 5.054688 19.261719 4.921875 C 21.285156 3.664063 23.617188 3 26 3 L 27.058594 3 C 33.480469 3 38.058594 6.28125 40.011719 12.070313 C 39.28125 11.988281 39.519531 12.5 39.011719 13 C 38.5 13.5 37.230469 13.699219 37.710938 15 C 38.289063 16.367188 38.628906 17.828125 38.710938 19.308594 C 38.710938 19.691406 40.609375 19.019531 40.628906 19.019531 C 40.890625 19.109375 41.351563 21.390625 40.820313 23.351563 C 40.289063 25.308594 39.300781 26.121094 38.988281 26.121094 C 38.53125 26.136719 38.128906 26.441406 37.988281 26.878906 C 36.210938 32.878906 31.550781 38.929688 26.070313 38.929688 C 20.589844 38.929688 15.859375 32.871094 14.078125 26.878906 C 13.945313 26.4375 13.535156 26.132813 13.070313 26.128906 Z "></path>
<path style=" fill:#CDA1A7;" d="M 13.449219 16 C 16.4375 15.796875 19.015625 13.828125 20 11 C 23 12 24 15 38 14 C 39.390625 13.898438 39.601563 14.390625 40 14 C 40.398438 13.609375 39.28125 12 40 12.070313 C 38.109375 6.28125 33.46875 3 27.058594 3 L 26 3 C 23.617188 2.992188 21.277344 3.648438 19.25 4.898438 C 19.066406 5.035156 18.847656 5.109375 18.621094 5.109375 C 15.621094 5.109375 13.621094 7.109375 13.308594 10.5 C 13.132813 12.3125 13.175781 14.136719 13.441406 15.941406 Z "></path>
<path style=" fill:#F9E3AE;" d="M 45.546875 36.464844 L 55.542969 46.460938 L 41.5 60.503906 L 31.5 50.507813 Z "></path>
<path style=" fill:#F6D397;" d="M 48.957031 40.035156 L 55.457031 46.53125 L 42 59.988281 L 35.503906 53.492188 Z "></path>
<path style=" fill:#ED7899;" d="M 56.152344 30.15625 L 61.878906 35.886719 C 63.050781 37.058594 63.050781 38.957031 61.878906 40.128906 L 58.507813 43.5 L 48.535156 33.53125 L 51.910156 30.15625 C 53.082031 28.984375 54.980469 28.984375 56.152344 30.15625 Z "></path>
<path style=" fill:#C2CDE7;" d="M 48.496094 33.503906 L 58.496094 43.503906 L 55.457031 46.542969 L 45.457031 36.542969 Z "></path>
<path style=" fill:#FAEFDE;" d="M 30 59.640625 L 30.789063 51 L 36.289063 51.789063 L 37.070313 54.140625 L 39.359375 55.320313 L 41 61.210938 L 31.570313 61.210938 Z "></path>
<path style=" fill:#8D6C9F;" d="M 62.121094 34.121094 L 57.878906 29.878906 C 55.925781 27.929688 52.761719 27.929688 50.808594 29.878906 L 48.738281 31.949219 L 48.589844 32.109375 L 44.988281 35.710938 L 43.421875 37.289063 L 36.421875 33.230469 C 37.519531 31.519531 38.386719 29.667969 39 27.730469 C 40.21875 27.269531 41.351563 25.730469 41.878906 23.730469 C 42.621094 20.980469 41.878906 18.570313 40.28125 18.121094 C 40.140625 18.085938 39.996094 18.0625 39.851563 18.058594 C 39.675781 16.882813 39.367188 15.726563 38.929688 14.621094 L 38.929688 14.511719 C 39.402344 14.566406 39.867188 14.6875 40.308594 14.871094 C 40.65625 15.011719 41.050781 14.953125 41.335938 14.714844 C 41.621094 14.472656 41.75 14.09375 41.671875 13.730469 C 40 6.410156 34.558594 2 27 2 L 26 2 C 23.429688 2.011719 20.90625 2.699219 18.691406 4 C 15 4.140625 12.421875 6.761719 12 10.898438 C 11.816406 12.765625 11.859375 14.644531 12.128906 16.5 C 12.183594 16.832031 12.214844 17.164063 12.21875 17.5 C 12.21875 17.6875 12.191406 17.875 12.128906 18.058594 C 11.980469 18.0625 11.832031 18.082031 11.691406 18.121094 C 10.707031 18.460938 10.011719 19.34375 9.910156 20.378906 C 9.71875 21.492188 9.777344 22.632813 10.089844 23.71875 C 10.628906 25.71875 11.75 27.21875 12.96875 27.71875 C 13.621094 29.699219 14.535156 31.585938 15.691406 33.320313 L 6.488281 38.671875 C 2.472656 40.992188 0 45.28125 0 49.921875 L 0 57 C 0 58.65625 1.34375 60 3 60 L 28.761719 60 L 28.410156 62.460938 C 28.371094 62.75 28.457031 63.039063 28.648438 63.257813 C 28.839844 63.480469 29.117188 63.601563 29.410156 63.601563 L 29.550781 63.601563 L 34.46875 62.898438 L 40.859375 62.21875 C 41.085938 62.195313 41.300781 62.09375 41.460938 61.929688 L 59.289063 44 L 62.121094 41.171875 C 64.070313 39.21875 64.070313 36.050781 62.121094 34.101563 Z M 55.519531 45 L 47 36.488281 L 48.648438 34.828125 L 57.128906 43.308594 Z M 34.71875 60.851563 L 31.160156 57.289063 L 31.730469 52.429688 L 36.191406 52.898438 L 36.191406 54.828125 C 36.191406 55.382813 36.636719 55.828125 37.191406 55.828125 L 39.121094 55.828125 L 39.589844 60.339844 Z M 41 54.71875 C 40.949219 54.207031 40.515625 53.816406 40 53.820313 L 38.179688 53.820313 L 38.179688 52.410156 L 43.539063 47 C 43.878906 46.601563 43.855469 46.011719 43.488281 45.640625 C 43.117188 45.273438 42.527344 45.25 42.128906 45.589844 L 36.808594 50.910156 L 33 50.550781 L 45.601563 37.910156 L 54.078125 46.390625 L 41.460938 59.078125 Z M 13.769531 25.878906 C 13.480469 25.878906 12.53125 25.101563 12.039063 23.261719 C 11.8125 22.472656 11.761719 21.648438 11.890625 20.839844 C 12 20.28125 12.199219 20.121094 12.21875 20.109375 C 12.320313 20.125 12.410156 20.167969 12.488281 20.230469 C 12.789063 20.410156 13.160156 20.417969 13.46875 20.253906 C 13.777344 20.089844 13.980469 19.777344 14 19.429688 C 14.023438 18.914063 14.082031 18.398438 14.171875 17.890625 C 14.222656 17.34375 14.195313 16.789063 14.089844 16.25 C 13.851563 14.542969 13.820313 12.8125 14 11.101563 C 14.308594 7.910156 16.191406 6 19 6 C 19.214844 6 19.425781 5.929688 19.601563 5.800781 C 21.523438 4.613281 23.742188 3.988281 26 4 L 27 4 C 33.070313 4 37.449219 7.101563 39.25 12.578125 C 38.578125 12.449219 37.878906 12.625 37.351563 13.058594 C 36.773438 13.6875 36.65625 14.609375 37.058594 15.359375 C 37.59375 16.65625 37.898438 18.03125 37.960938 19.429688 C 37.976563 19.785156 38.183594 20.105469 38.503906 20.269531 C 38.820313 20.433594 39.199219 20.414063 39.5 20.21875 C 39.578125 20.160156 39.671875 20.117188 39.769531 20.101563 C 40.011719 20.179688 40.449219 21.398438 39.949219 23.25 C 39.449219 25.101563 38.511719 25.871094 38.21875 25.871094 C 37.761719 25.851563 37.347656 26.148438 37.21875 26.589844 C 35.589844 32.261719 31.179688 38 26 38 C 20.820313 38 16.410156 32.261719 14.730469 26.601563 C 14.605469 26.171875 14.214844 25.878906 13.769531 25.878906 Z M 3 58 C 2.449219 58 2 57.550781 2 57 L 2 49.921875 C 2 45.996094 4.09375 42.367188 7.488281 40.398438 L 16.910156 34.949219 C 19.339844 37.910156 22.5 40 26 40 C 29.5 40 32.660156 37.910156 35.089844 34.941406 L 41.851563 38.851563 L 30.140625 50.609375 C 29.980469 50.769531 29.878906 50.976563 29.851563 51.199219 L 29.121094 57.511719 L 29 58 Z M 60.710938 39.78125 L 58.589844 41.898438 L 50.101563 33.410156 L 52.21875 31.289063 C 53.390625 30.121094 55.289063 30.121094 56.460938 31.289063 L 60.699219 35.53125 C 61.871094 36.703125 61.871094 38.597656 60.699219 39.769531 Z "></path>
<path style=" fill:#8D6C9F;" d="M 26 52 C 25.449219 52 25 52.449219 25 53 L 25 55 C 25 55.550781 25.449219 56 26 56 C 26.550781 56 27 55.550781 27 55 L 27 53 C 27 52.449219 26.550781 52 26 52 Z "></path>
<path style=" fill:#8D6C9F;" d="M 21 52 C 20.449219 52 20 52.449219 20 53 L 20 55 C 20 55.550781 20.449219 56 21 56 C 21.550781 56 22 55.550781 22 55 L 22 53 C 22 52.449219 21.550781 52 21 52 Z "></path>
<path style=" fill:#8D6C9F;" d="M 16 52 C 15.449219 52 15 52.449219 15 53 L 15 55 C 15 55.550781 15.449219 56 16 56 C 16.550781 56 17 55.550781 17 55 L 17 53 C 17 52.449219 16.550781 52 16 52 Z "></path>
<path style=" fill:#8D6C9F;" d="M 11 52 C 10.449219 52 10 52.449219 10 53 L 10 55 C 10 55.550781 10.449219 56 11 56 C 11.550781 56 12 55.550781 12 55 L 12 53 C 12 52.449219 11.550781 52 11 52 Z "></path>
<path style=" fill:#8D6C9F;" d="M 6 52 C 5.449219 52 5 52.449219 5 53 L 5 55 C 5 55.550781 5.449219 56 6 56 C 6.550781 56 7 55.550781 7 55 L 7 53 C 7 52.449219 6.550781 52 6 52 Z "></path>
<path style=" fill:#8D6C9F;" d="M 21.921875 12.878906 C 24.785156 14.269531 27.925781 14.996094 31.109375 15 L 33.660156 15 C 34.210938 15 34.660156 14.550781 34.660156 14 C 34.660156 13.449219 34.210938 13 33.660156 13 L 31.109375 13 C 28.226563 12.996094 25.382813 12.339844 22.789063 11.078125 L 21.230469 10.320313 C 20.324219 9.878906 19.234375 10.179688 18.679688 11.019531 L 17.078125 13.449219 C 16.789063 13.910156 16.917969 14.519531 17.375 14.820313 C 17.828125 15.121094 18.441406 15 18.75 14.550781 L 20.351563 12.121094 Z "></path>
<path style=" fill:#8D6C9F;" d="M 26 46 C 26.15625 46 26.3125 45.960938 26.449219 45.890625 L 34.449219 41.890625 C 34.78125 41.738281 35.003906 41.417969 35.03125 41.054688 C 35.054688 40.691406 34.882813 40.339844 34.578125 40.140625 C 34.269531 39.945313 33.882813 39.925781 33.558594 40.101563 L 26 43.878906 L 18.449219 40.101563 C 17.960938 39.875 17.378906 40.078125 17.136719 40.5625 C 16.898438 41.046875 17.082031 41.632813 17.558594 41.890625 L 25.558594 45.890625 C 25.695313 45.960938 25.847656 45.996094 26 46 Z "></path>
</g>
</svg>